   -18.67169240     -0.78138322     -2.86329995     -0.78138322    -10.82065150     -5.01786230     -2.86329995     -5.01786230     -7.82269140 
    -4.17092085     -2.83849414     11.69594245     -2.83849414     -8.50485135     -3.25133380     11.69594245     -3.25133380     -7.46655075 
   -17.74501797     -1.15169862     -2.80660095     -1.15169862     -9.30218116     -3.63405211     -2.80660095     -3.63405211     -8.69621051 
    -8.70861341     -0.49080080      2.38490207     -0.49080080     -1.74349453     -4.46327512      2.38490207     -4.46327512     -8.23021553 
    -1.00463557      1.26864033     -1.09322777      1.26864033     -3.59152785      0.50497555     -1.09322777      0.50497555     -3.35941628 
   -11.11300577     -3.98842091     -5.77798339     -3.98842091     -4.16206163      1.51492665     -5.77798339      1.51492665     -9.99674403 
   -23.68246732      1.79310616      1.32179565      1.79310616     -7.40276436     -2.02876142      1.32179565     -2.02876142    -14.38560169 
    -1.27041217     -0.09036405     -5.75849310     -0.09036405     -2.87747471     -5.94630857     -5.75849310     -5.94630857     -8.98679293 
   -10.63637972     -1.03830060     -1.93662553     -1.03830060    -16.23717870     -2.43982923     -1.93662553     -2.43982923     -5.82227949 
    -5.32084763      0.36145618     -3.23007167      0.36145618     -6.91196357     -4.76626044     -3.23007167     -4.76626044     -2.13330021 
    -6.12880850      1.77007219     -1.67262077      1.77007219     -6.95448782     -0.81327641     -1.67262077     -0.81327641     -8.21072524 
    -0.82213563      5.19327486      0.21439313      5.19327486      1.62123729      4.88497399      0.21439313      4.88497399    -10.70193795 
   -16.37361069     -1.26864033     -2.04116432     -1.26864033     -8.60053093      0.80441719     -2.04116432      0.80441719    -10.61866128 
     8.20186602      1.72223240      2.08546042      1.72223240      0.42878626     -4.84244974      2.08546042     -4.84244974      7.76599239 
    11.77744728      2.30516908      3.93349375      2.30516908      9.72210820     -0.76543662      3.93349375     -0.76543662     -4.01499858 
     5.28009521      5.37045926     -1.99509638      5.37045926    -10.75686511      3.00327563     -1.99509638      3.00327563    -10.15443814 
    -1.93130999     -4.40303242      0.68038811     -4.40303242     -7.53742451      2.18468369      0.68038811      2.18468369     -8.83795803 
     1.39798494      3.19286294     -1.42101891      3.19286294     -1.06665011      4.75208569     -1.42101891      4.75208569      2.76584853 
    11.30790861      3.20880954      1.73463531      3.20880954      2.32643121      1.13929571      1.73463531      1.13929571      1.89764496 
     0.79201428      6.00123573      5.71419700      6.00123573     -2.95189216      1.17118890      5.71419700      1.17118890    -14.44761623 
     1.22257238      2.67016896     -3.39485316      2.67016896     -1.24737820     -2.98201350     -3.39485316     -2.98201350    -10.78344278 
    -7.12281301     -3.24424642      1.15524231     -3.24424642     -0.37563093      2.95543584      1.15524231      2.95543584     -7.32125954 
     1.22080054      1.82145566      3.19109110      1.82145566     -7.17596833      0.21616497      3.19109110      0.21616497    -12.45251985 
   -11.27247173     -0.43232994      1.70628580     -0.43232994    -17.36052782     -4.70070222      1.70628580     -4.70070222     -5.59725530 
   -11.78985019      0.73885896      4.83536236      0.73885896    -12.27710729      0.83631038      4.83536236      0.83631038    -10.41489922 
   -25.37457837     -7.29468188     -4.95939144     -7.29468188    -12.51099071      4.06638205     -4.95939144      4.06638205     -6.86943931 
    -7.62424487     -1.72400424      5.64863877     -1.72400424      9.19232684     -2.77825144      5.64863877     -2.77825144    -13.21972832 
    -9.86031203      0.45359207      2.46640689      0.45359207      2.96252322     -7.19191492      2.46640689     -7.19191492     -5.69825041 
   -10.62929234      1.48657714     -4.41897901      1.48657714     -4.02208595      8.28337085     -4.41897901      8.28337085     -2.95189216 
    -9.16929286     -5.26237677      4.57667313     -5.26237677    -14.11450955      3.65531424      4.57667313      3.65531424    -10.28378276 
    -0.76366478     -4.59439157      1.08614039     -4.59439157    -10.00914693     -7.74118657      1.08614039     -7.74118657     -3.78997438 
   -12.28065098     -7.77130792      1.66553339     -7.77130792     -5.60611452     -0.70873761      1.66553339     -0.70873761     -9.80006934 
   -11.84832104     -6.51507050      1.18181997     -6.51507050    -12.22040828      4.31798390      1.18181997      4.31798390    -10.89152526 
    -8.39676886      3.81832389      6.19968227      3.81832389    -16.12555253     -5.66281352      6.19968227     -5.66281352    -13.77431550 
    -5.58130870      2.19177107     -4.22761986      2.19177107     -4.41720717      2.42388263     -4.22761986      2.42388263     -4.11245000 
   -15.96785841     -3.50470749      4.57667313     -3.50470749     -5.85240084     -4.44201299      4.57667313     -4.44201299    -16.68722709 
    -2.28390696      0.31538824      1.81436829      0.31538824      4.05220730     -3.31512018      1.81436829     -3.31512018      0.60597066 
    -8.31349220     -5.99414836      3.49584827     -5.99414836     -1.50429558     -2.28036327      3.49584827     -2.28036327    -13.45183989 
    -8.68203575     -0.44827654      6.21917255     -0.44827654     -9.18523946      6.55050738      6.21917255      6.55050738     -5.88783772 
     0.60597066     -1.00286372     -5.70179409     -1.00286372    -10.04281197     -1.72400424     -5.70179409     -1.72400424     -7.91837098 
   -21.92834173      2.50538746      2.02876142      2.50538746     -0.82745116      9.32521514      2.02876142      9.32521514    -10.25897694 
    -4.62096923      4.47036249      2.03939248      4.47036249     -7.08737613      2.40084866      2.03939248      2.40084866    -10.77989909 
   -13.12050505     -1.07905302      7.75890501     -1.07905302    -22.94183652     -5.21099330      7.75890501     -5.21099330     -9.02931718 
     1.12157589      3.63581949     -2.60460753      3.63581949     -0.06378631      5.28008873     -2.60460753      5.28008873      2.87215565 
   -11.49216627     -2.63118515      0.92667329     -2.63118515    -13.26755181      3.37890242      0.92667329      3.37890242     -0.71759595 
   -11.33624419      2.24669547     -6.72413984      2.24669547    -23.48753562     -1.16764378     -6.72413984     -1.16764378     -7.01117822 
   -14.07373985     -3.63050396      0.65735333     -3.63050396    -14.37849665      1.20839614      0.65735333      1.20839614     -5.36690898 
   -19.72059984      2.18113732     12.44718903      2.18113732    -13.96742934      4.17977493     12.44718903      4.17977493     -9.90105228 
    12.48971323     -2.43628255      0.65735333     -2.43628255      3.84666867      2.37249624      0.65735333      2.37249624     -9.53250918 
   -13.37740600     -3.15210666      4.14256626     -3.15210666     -9.02221872     -0.33133443      4.14256626     -0.33133443    -12.77852345 
   -11.77388912      5.14897243      4.98241929      5.14897243     -1.93485131     -2.88101486      4.98241929     -2.88101486     -9.85321255 
   -27.41216533     -7.47540078      7.54804630     -7.47540078    -10.16682856     -2.22188969      7.54804630     -2.22188969    -16.55077476 
    -8.85212191      0.26046075      7.12634794      0.26046075    -21.60583957      7.84217205      7.12634794      7.84217205     -9.84789703 
    -8.76707350      3.67302816      6.36091226      3.67302816     -5.32792846     -4.40125517      6.36091226     -4.40125517     -9.73981467 
   -10.88619635     -3.41611110      4.76271090     -3.41611110     -9.47226655      8.39498671      4.76271090      8.39498671      0.03898052 
   -11.11122027      6.85879982     -5.89491785      6.85879982    -28.52665386     -2.29099152     -5.89491785     -2.29099152    -26.30299233 
   -18.60965500      0.62191649      5.39880213      0.62191649    -17.62096724     -0.20198997      5.39880213     -0.20198997    -11.83590359 
   -15.80305750      1.83917184     -3.92108602      1.83917184    -23.87202531     -3.88033366     -3.92108602     -3.88033366    -16.35764400 
   -14.53973426      2.12443838      2.11026365      2.12443838     -9.49175681     -0.09567946      2.11026365     -0.09567946    -15.87924670 
    -0.23742681      0.45536336      0.86288698      0.45536336     -4.47744437     -5.73545208      0.86288698     -5.73545208      0.87706172 
    -7.39566790      6.80387272      2.38489914      6.80387272     -1.74172054      0.95856644      2.38489914      0.95856644     -5.73722392 
    -6.86765903     -3.03162141     -1.22611456     -3.03162141     -3.24955796      0.59356702     -1.22611456      0.59356702     -4.43314832 
   -12.10345171      2.52664648      2.94834485      2.52664648     -8.63241352     -0.46953809      2.94834485     -0.46953809     -2.93239827 
    -8.41093328      6.17664070     -0.31538785      6.17664070     -4.56603646     -5.22693347     -0.31538785     -5.22693347    -19.53810013 
    -7.00409085      7.26277976     -5.15251611      7.26277976    -17.50756936      3.60569817     -5.15251611      3.60569817     -5.79569471 
    -4.23824572     -3.07591746      1.35014349     -3.07591746     -1.65135661     -2.63650068      1.35014349     -2.63650068     -4.88851168 
   -12.48794139     -4.48807542      0.70873674     -4.48807542     -6.60542643     -1.03475564      0.70873674     -1.03475564     -0.60419807 
   -12.54286849    -11.60556415      3.86793077    -11.60556415    -11.17323473     -0.13288814      3.86793077     -0.13288814    -10.37236222 
    -2.55499595     -0.38094600     -1.83208448     -0.38094600     -0.24274233      7.98569124     -1.83208448      7.98569124     -6.20499017 
   -11.88551516      5.68406867     -3.61810107      5.68406867     -5.56712711      3.09717956     -3.61810107      3.09717956    -10.82418189 
    -6.96865401     -2.35477782     -3.44091688     -2.35477782     -4.27545439      0.34373732     -3.44091688      0.34373732    -12.87420291 
     5.01076876     -1.51315294     -1.30053192     -1.51315294    -12.34087852      3.64999422     -1.30053192      3.64999422     -2.40084571 
    -5.48562238     -0.10276683     -2.01989971     -0.10276683    -15.84380986     -2.80836934     -2.01989971     -2.80836934    -13.86111883 
    -2.21303048      1.44936664     -1.19067773      1.44936664      2.21657416     -7.51260946     -1.19067773     -7.51260946     -2.41324861 
     2.68965594      5.73899577      4.02208101      5.73899577     -5.64331631      0.12757261      4.02208101      0.12757261    -11.02794370 
    -5.97287889     -0.01063105     -2.31579730     -0.01063105    -19.83222588      5.89846153     -2.31579730      5.89846153    -19.18018808 
    -5.87188391     11.83235990    -10.54600272     11.83235990     -6.70287774      1.75057975    -10.54600272      1.75057975    -12.54109665 
    -3.91754234      1.41038612     -8.54913695      1.41038612      3.64645054      1.32002218     -8.54913695      1.32002218    -14.84094737 
   -13.80441989      3.02099036    -10.35110011      3.02099036    -16.78642973     -0.35791205    -10.35110011     -0.35791205    -25.17255723 
    -3.83426577     -6.32193174      2.42565150     -6.32193174     -7.92722046     -3.12375719      2.42565150     -3.12375719     -5.13656954 
   -16.23715875     -3.98310049      0.90541119     -3.98310049     -9.36418420      1.04184301      0.90541119      1.04184301      5.60787947 
   -17.50579752      3.97069760      1.16055641      3.97069760     -7.79078863     -2.85975275      1.16055641     -2.85975275    -12.84408160 
   -13.54750282     -0.84162488     -3.92462971     -0.84162488    -11.07755527      1.25092035     -3.92462971      1.25092035    -15.39730572 
    -4.98596298      3.19285902      1.06842064      3.19285902     -6.17664070     -1.09145458      1.06842064     -1.09145458     -5.39348661 
   -14.35014718     -6.18018439     -0.38094600     -6.18018439    -14.09323011      2.08545786     -0.38094600      2.08545786     -6.65503801 
   -19.40166831      1.17295931     -5.48562238      1.17295931    -13.54750282      8.35423434     -5.48562238      8.35423434    -20.62423919 
    -5.49802527     -2.48235044      6.82159114     -2.48235044     -7.82445363    -10.28199828      6.82159114    -10.28199828    -14.47594795 
     6.95625112     -2.64004436      0.92490145     -2.64004436     -2.78533540      5.40234581      0.92490145      5.40234581     -6.92258613 
   -14.25092404     -2.74281119      3.68720290     -2.74281119      9.77347967    -11.05274949      3.68720290    -11.05274949     -6.78792614 
    -9.07183030     -0.36499942      1.39266770     -0.36499942    -22.74336204     -2.08368602      1.39266770     -2.08368602    -30.49871384 
   -13.20199366     -2.20948679     -1.32710955     -2.20948679    -15.58157727      4.84244379     -1.32710955      4.84244379     -9.70969336 
    -7.68270628     -1.66021582     -0.15946577     -1.66021582    -14.28990456     -4.01499364     -0.15946577     -4.01499364    -29.00327932 
   -12.60488295      3.59506712      0.89478014      3.59506712    -19.03489704      6.35205305      0.89478014      6.35205305    -10.63282297 
     0.35791205     -6.47962566     -2.35477782     -6.47962566    -14.86575316      2.29276336     -2.35477782      2.29276336      1.14638168 
    -0.81504725      0.86111514      0.19135892      0.86111514    -16.42497399      7.22202740      0.19135892      7.22202740     -6.77552325 
    -3.27259191      8.39498671     -0.43232941      8.39498671    -12.44010166      1.30053192     -0.43232941      1.30053192    -14.34660350 
    -7.05193058     -3.36472768      2.99795642     -3.36472768     -3.87678998     -9.56794601      2.99795642     -9.56794601     -6.50620329 
    -5.15960348     -1.41038612     -8.20185594     -1.41038612     -2.56385516      5.55649606     -8.20185594      5.55649606    -12.55881506 
     3.30625690     -1.58579846      4.47567252     -1.58579846    -10.85430320     10.16505672      4.47567252     10.16505672      1.46531321 
   -14.71514660      6.02071862      0.50674677      6.02071862    -10.02685305      3.75276105      0.50674677      3.75276105     -8.58811747 
   -14.16587563      1.92067657      0.94084802      1.92067657    -14.22966193     -5.32970030      0.94084802     -5.32970030    -10.04457147 
    -9.81954756      4.05574600      1.45822585      4.05574600    -12.59248006     -2.37072440      1.45822585     -2.37072440     -8.79010744 
    -6.23688333      3.90868313     -0.61660097      3.90868313     -4.06814890     -2.83671881     -0.61660097     -2.83671881    -10.70015296 
    -8.63241352      2.53019017     -2.84380618      2.53019017     -6.19613097     -5.40411766     -2.84380618     -5.40411766     -5.58130184 
   -24.54689740     -0.52780295     -1.42100795     -0.52780295    -20.53153493      6.61377702     -1.42100795      6.61377702    -32.29342076 
   -23.95607840     -0.41268008      0.75107774     -0.41268008    -28.32223360      3.03319856      0.75107774      3.03319856    -13.62256930 
   -16.00552944     -3.75834829      1.41046558     -3.75834829    -33.59078032     -3.33303867      1.41046558     -3.33303867    -29.27258570 
   -19.47337970      0.23542946      1.61857754      0.23542946    -25.85940383     -0.63902282      1.61857754     -0.63902282    -26.61193729 
   -14.40535559      7.13502834     -3.68092650      7.13502834    -26.31563993     -3.63317394     -3.68092650     -3.63317394    -26.71357793 
   -21.75093957      2.91648441     -2.11595972      2.91648441    -31.96466910     -4.26812408     -2.11595972     -4.26812408    -39.22168686 
   -24.72470648     -2.83274836      2.12256638     -2.83274836    -44.25471103     10.50111787      2.12256638     10.50111787    -28.62671760 
   -19.89524962      2.46302784     -1.61356774      2.46302784    -12.65248459      3.94653470     -1.61356774      3.94653470    -25.23993874 
   -27.27619662     -0.48605382     -2.28322760     -0.48605382    -23.63691971     -2.68350721     -2.28322760     -2.68350721    -24.26184605 
   -26.44538007      2.04021180      0.48867348      2.04021180    -23.29750838      0.95698557      0.48867348      0.95698557    -15.86559913 
   -23.57418941     -5.22894025     -0.50656667     -5.22894025    -31.03872141      0.69495923     -0.50656667      0.69495923    -28.08723792 
   -22.99582803     -2.28161405     -3.21348206     -2.28161405    -19.87845792      7.96893404     -3.21348206      7.96893404    -25.84157742 
   -22.38094082     -4.73348730     -0.78006564     -4.73348730    -16.74078037      2.87521575     -0.78006564      2.87521575    -22.55247358 
   -12.20081435     -0.87699697      6.99567492     -0.87699697    -18.28295075     -0.36541540      6.99567492     -0.36541540    -17.41813430 
   -15.17315292     -3.63976732     -2.60273864     -3.63976732    -21.39939176      2.48073527     -2.60273864      2.48073527    -21.62306461 
   -14.04968180     -1.23185384     -0.51156721     -1.23185384    -28.21395466     -0.69982394     -0.51156721     -0.69982394    -29.11840548 
   -15.25392086     -5.70385345      4.28811938     -5.70385345    -26.72709524      0.27005332      4.28811938      0.27005332    -13.56404175 
   -23.10961516      4.42567859     -3.97374637      4.42567859    -28.75266072     -3.83938814     -3.97374637     -3.83938814    -23.04040032 
   -22.66836144     -4.88925443      3.50557610     -4.88925443    -16.75874087     -8.07016857      3.50557610     -8.07016857    -21.89922181 
   -19.04487645      1.78521032      6.24033695      1.78521032    -35.90168538     -0.09873951      6.24033695     -0.09873951    -27.77739860 
   -23.28709372      4.55643186     -6.16741305      4.55643186    -21.66008287      2.46055335     -6.16741305      2.46055335    -21.63603837 
   -19.29872369     -2.22784118     -6.12953106     -2.22784118    -25.51926780      4.60209466     -6.12953106      4.60209466    -22.47230917 
   -10.59765049     -1.61897077     -2.40367599     -1.61897077    -18.74206467      1.25552835     -2.40367599      1.25552835    -22.40952906 
   -19.49575334      0.56111727      1.92090511      0.56111727    -26.95410772      5.41048113      1.92090511      5.41048113    -35.01453683 
   -17.36158742     -2.33190757      0.09063952     -2.33190757    -14.34988348      3.00758396      0.09063952      3.00758396    -13.17156976 
   -17.47139291     -3.27122188     -0.09535881     -3.27122188    -17.57918983     -0.04560639     -0.09535881     -0.04560639    -16.21099817 
   -19.30158025      6.67861903      4.31078251      6.67861903    -25.30367456      0.80440439      4.31078251      0.80440439    -18.77356096 
   -23.10364025      9.97074980     -1.16478852      9.97074980    -28.64739315      0.02801897     -1.16478852      0.02801897    -25.45723354 
   -24.37315555      2.61847011     -0.57695104      2.61847011    -18.09528268     -0.14524642     -0.57695104     -0.14524642    -15.48084719 
   -22.52021491     -9.59091547      2.25598632     -9.59091547    -25.18061354     -3.86570590      2.25598632     -3.86570590    -22.08011916 
   -14.38720856     -1.87839927      0.30752554     -1.87839927    -24.38594449     -2.62643438      0.30752554     -2.62643438    -21.92158439 
   -27.85105744     -0.21749021     -4.47291183     -0.21749021    -24.35479975     -4.04203501     -4.47291183     -4.04203501    -38.02795776 
   -23.09309709     -1.62136035      3.03748522     -1.62136035    -21.23776828     -1.29708828      3.03748522     -1.29708828    -23.54461517 
   -27.03778503     -3.49232915     -6.78309866     -3.49232915    -23.34389625     -0.28794233     -6.78309866     -0.28794233    -20.42333831 
   -21.12043770     -4.11945342      3.76929988     -4.11945342    -33.66005391     -0.20597267      3.76929988     -0.20597267    -14.43868424 
   -24.14924295      6.42994703     -5.72911236      6.42994703    -19.93579112      1.22857163     -5.72911236      1.22857163    -20.11733263 
   -14.58053651      1.78233380      6.79539905      1.78233380    -21.44030880     -6.58618606      6.79539905     -6.58618606    -18.86940294 
   -16.64679298     -0.49438088      6.52187256     -0.49438088    -23.43365370      1.73231060      6.52187256      1.73231060    -13.78333893 
   -20.57538929     -6.70743127      4.83436693     -6.70743127    -20.57134379      4.39340794      4.83436693      4.39340794    -33.90125093 
   -29.38782276      8.01196469     -4.64709880      8.01196469    -33.92342305     -4.52763611     -4.64709880     -4.52763611    -21.06525507 
   -17.92368145      2.86352247     -3.86452459      2.86352247    -28.93060233     -3.54453211     -3.86452459     -3.54453211    -16.93498673 
   -19.42954958      1.82201112      6.62835079      1.82201112    -20.84317890      2.26573365      6.62835079      2.26573365    -26.95319894 
   -30.72833616     -0.66914650      2.05581155     -0.66914650    -23.96834406     -2.32185775      2.05581155     -2.32185775    -28.08399816 
   -30.53965446      2.15884454      1.13539231      2.15884454    -14.93200804      5.83687597      1.13539231      5.83687597    -26.40186910 
   -23.15059559      2.72743082     -3.48459818      2.72743082    -19.73113009     -0.48035349     -3.48459818     -0.48035349    -25.82103532 
   -24.75139984      0.70190537      5.26634262      0.70190537    -18.67642939     -2.44230231      5.26634262     -2.44230231    -18.83240837 
   -20.97600336     -5.53975351      2.71276590     -5.53975351    -26.55655035      0.84850422      2.71276590      0.84850422    -30.53391388 
   -17.08418301     -0.06197406      2.36740916     -0.06197406    -16.41486314     -3.18546677      2.36740916     -3.18546677    -23.54188024 
   -20.96561388      2.23149858      4.17701087      2.23149858    -15.17741270     -2.50942890      4.17701087     -2.50942890    -28.70738331 
   -25.02300931     -3.07335869      7.93611323     -3.07335869    -26.70642727      3.93341000      7.93611323      3.93341000    -28.67517031 
   -32.93497621      0.72000523     -3.78950123      0.72000523    -24.11807003     -4.36634752     -3.78950123     -4.36634752    -24.50544126 
   -22.19557961      5.02875025      1.93255324      5.02875025    -21.91186434      4.46131972      1.93255324      4.46131972    -26.12236333 
   -15.62373898      2.45799172     -8.77027971      2.45799172    -30.27254343      3.85016519     -8.77027971      3.85016519    -29.91727068 
   -19.42273413      2.07555455      3.12364770      2.07555455    -19.79410572      2.83067678      3.12364770      2.83067678    -16.88502827 
   -19.54724533     -6.00542980      4.51938191     -6.00542980    -22.67447798     -3.02516892      4.51938191     -3.02516892    -26.25487358 
   -17.25882220      9.04220753     -3.90387482      9.04220753    -17.10942921     -0.19656973     -3.90387482     -0.19656973    -17.75417792 
   -31.33932581      2.44668434     -6.81202066      2.44668434    -23.04800836     -5.87284858     -6.81202066     -5.87284858    -24.66838251 
   -20.08456984     -7.69404831      1.84183428     -7.69404831    -15.38809662     -3.66733300      1.84183428     -3.66733300    -20.24792543 
   -20.47300667      2.66742740      1.42797617      2.66742740    -16.08077659      3.19690171      1.42797617      3.19690171    -17.50875276 
   -19.67654866      2.95334365     -0.94308453      2.95334365    -25.01242164      4.23147136     -0.94308453      4.23147136    -22.41480286 
   -25.21474363     -1.22173710     -4.97052001     -1.22173710    -19.27718090      1.15010431     -4.97052001      1.15010431    -28.63719937 
   -19.82616645     -2.38192777     -2.07854971     -2.38192777    -30.36240462     -2.45982214     -2.07854971     -2.45982214    -29.27598318 
   -31.98197773      0.53179623     -1.24498031      0.53179623    -30.67516064     -0.43285739     -1.24498031     -0.43285739    -27.66577114 
   -16.72483866     -2.86943665      1.46679102     -2.86943665    -23.16075842     -3.90003908      1.46679102     -3.90003908    -24.75584020 
   -33.60583320      6.17894128      0.57055057      6.17894128    -22.91509132     -0.67980493      0.57055057     -0.67980493    -34.05903648 
   -23.13646231      7.82448033      0.84244667      7.82448033    -20.50638489     -7.24915089      0.84244667     -7.24915089    -17.65850418 
   -28.41413709     -1.88122836      0.83477012     -1.88122836     -8.28778949     -0.00399412      0.83477012     -0.00399412    -19.48728913 
   -20.93620471      0.25892118      2.30601675      0.25892118    -26.46659926      0.76867225      2.30601675      0.76867225    -24.89688962 
   -30.24701815      2.24830777     -1.20098454      2.24830777    -23.16242246     -2.78612239     -1.20098454     -2.78612239    -30.22679956 
   -22.94306994      4.14418831      2.31133791      4.14418831    -10.98088254     -0.45821260      2.31133791     -0.45821260    -18.77860673 
   -15.83158224     -1.58911741      4.15951483     -1.58911741    -27.90887458      5.47053670      4.15951483      5.47053670    -21.42527553 
   -13.88419496      1.99070193     -3.08960320      1.99070193    -23.93068855     -3.72358471     -3.08960320     -3.72358471    -21.11581067 
   -27.06747841      2.61956420      0.27979865      2.61956420    -25.35624607      1.10702945      0.27979865      1.10702945    -28.05691133 
   -13.78335574     -2.34253088     -4.15739268     -2.34253088    -17.68091138     -2.24659105     -4.15739268     -2.24659105    -26.48339089 
   -20.83063693     -4.67359280     -1.57150581     -4.67359280    -16.99190659     -6.46609162     -1.57150581     -6.46609162    -12.74802240 
   -23.68267095      2.06295043      5.80514251      2.06295043    -24.50372523      0.86643918      5.80514251      0.86643918    -21.89615588 
   -26.97929468     -2.70413160      2.33613816     -2.70413160    -21.38496737      5.61500110      2.33613816      5.61500110    -31.09337870 
   -21.87820361     -4.31085333     -0.26164139     -4.31085333    -27.65092628      3.51762309     -0.26164139      3.51762309    -19.38222784 
   -28.25384523      0.16402203      1.21965096      0.16402203    -26.55474528      0.63085394      1.21965096      0.63085394    -29.22956599 
   -25.69797597     -7.39889260     -0.40038182     -7.39889260    -20.25605164     -3.78319964     -0.40038182     -3.78319964    -24.91355444 
   -32.22645770     -0.02456597     -3.64395215     -0.02456597    -17.81442224     -4.91319391     -3.64395215     -4.91319391    -25.49538205 
   -26.30152459     -4.63646084      0.61738774     -4.63646084    -33.19770525     -2.53007915      0.61738774     -2.53007915    -29.17863215 
   -25.66006444     -5.90859450     -3.94865043     -5.90859450    -23.71244706     -4.06780845     -3.94865043     -4.06780845    -24.69447354 
   -23.01727229     -0.61791335     -6.49622062     -0.61791335    -28.31425318      7.67106902     -6.49622062      7.67106902    -35.40399583 
   -27.57978581     -2.02835684     -4.85716027     -2.02835684    -23.70327740      2.17922635     -4.85716027      2.17922635    -30.49659646 
   -24.53924097      0.00000000     -3.05490211      0.00000000    -21.58436294      0.97106711     -3.05490211      0.97106711    -26.95648958 
   -23.09223222     -3.51654178     -3.29830207     -3.51654178    -20.82336275      0.49824538     -3.29830207      0.49824538    -14.85677137 
   -11.42281598      0.58041126      5.57033581      0.58041126    -22.51915062      0.30229753      5.57033581      0.30229753    -15.25997928 
   -21.23789011      1.19421522     -6.52033186      1.19421522    -17.28907394     -1.90575111     -6.52033186     -1.90575111    -22.68176704 
   -16.05058973      1.63924422     -7.00591561      1.63924422    -27.18756551      0.02883093     -7.00591561      0.02883093    -28.91330251 
   -33.64046634     -2.47698056      8.14457763     -2.47698056    -37.40780026      1.17832911      8.14457763      1.17832911    -31.99744406 
   -17.77574935      1.48888192      2.83558943      1.48888192    -11.56746719     -0.17771800      2.83558943     -0.17771800    -15.69842339 
   -22.99135151     -0.19062764     -6.44404318     -0.19062764    -27.69902550      2.50716793     -6.44404318      2.50716793    -26.00824118 
   -25.86627756     -4.99266128     -0.00000000     -4.99266128    -23.62707100      0.19031231     -0.00000000      0.19031231    -31.45822015 
   -23.39220431     -1.59446431     -7.69379489     -1.59446431    -22.37901306     -2.29279932     -7.69379489     -2.29279932    -22.64946650 
   -28.14728883      1.49443701      5.66074626      1.49443701    -27.73148129     -1.43680032      5.66074626     -1.43680032    -20.50631062 
   -14.05101831      0.72004350     -1.98927271      0.72004350    -23.20818166      0.04881651     -1.98927271      0.04881651    -21.92674832 
   -15.17667356     -2.37672435      0.52770644     -2.37672435    -20.47010094      1.24767801      0.52770644      1.24767801    -19.35332685 
   -32.03255584     -2.47779090     -0.64585042     -2.47779090    -23.38059744     -4.89871447     -0.64585042     -4.89871447    -30.84646577 
   -25.33035106      0.04494820      3.00744288      0.04494820    -27.21408906     -4.16383735      3.00744288     -4.16383735    -16.17317785 
   -31.39750972     -3.36211758     -0.72893658     -3.36211758    -27.13036415      4.30809707     -0.72893658      4.30809707    -20.23413272 
   -22.52168474      4.19120988     -4.19120988      4.19120988    -24.43119348     -4.45012632     -4.19120988     -4.45012632    -18.34665714 
   -22.29829990      4.51294051      3.03380935      4.51294051    -24.97425493      1.43141725      3.03380935      1.43141725    -20.26648263 
   -28.88991025      5.81316376     -3.56726164      5.81316376    -27.20037004      0.70363418     -3.56726164      0.70363418    -13.83950246 
   -18.61705507      6.53916496      2.48496336      6.53916496    -20.25890586     -0.89152095      2.48496336     -0.89152095    -26.29785092 
   -19.99552927     -1.32141548     -5.63425617     -1.32141548    -21.75471429     -1.52408656     -5.63425617     -1.52408656    -32.06661910 
   -12.09328010      1.91548408      3.94124123      1.91548408    -25.86516138     -7.55983163      3.94124123     -7.55983163    -13.16333730 
   -29.20121390      5.00947836     -5.15727353      5.00947836    -23.73279265     -1.16680397     -5.15727353     -1.16680397    -24.06727645 
   -27.34405480      2.45087310      3.96064297      2.45087310    -24.39659957      2.36276982      3.96064297      2.36276982    -15.96271272 
   -23.19041776      1.70989255      9.00159782      1.70989255    -18.27036635     -1.15499954      9.00159782     -1.15499954    -29.57374260 
   -26.30837753     -3.34804056     -3.89373835     -3.34804056    -25.39341056     -5.00154588     -3.89373835     -5.00154588    -26.78022148 
   -16.59240714     -5.58482224      4.00993561     -5.58482224    -21.66196304     -1.81174293      4.00993561     -1.81174293    -16.98716764 
   -17.32959522      0.98172584     -2.82100666      0.98172584    -32.27666212      6.68582458     -2.82100666      6.68582458    -25.83529892 
   -22.78022573      1.29518285     -3.22754569      1.29518285    -28.79803673      2.07395839     -3.22754569      2.07395839    -23.84219237 
   -32.03679033     -3.25658834      2.68648031     -3.25658834    -27.82455327     -0.93103974      2.68648031     -0.93103974    -23.96094342 
   -33.86290993      4.65533767      2.61202628      4.65533767    -20.15688088     -3.00606446      2.61202628     -3.00606446    -26.22588130 
   -18.96546098      5.17832458      4.72608695      5.17832458    -17.97135303     -3.77679534      4.72608695     -3.77679534    -16.26833205 
   -23.60037323     -0.23850807     -0.43328965     -0.23850807    -22.29652913      3.30333673     -0.43328965      3.30333673    -15.20488927 
   -19.29682281      1.82715420     -3.79792750      1.82715420    -25.96314304     -0.30319589     -3.79792750     -0.30319589    -18.61463206 
   -21.77702127     -2.26869247     -1.70253035     -2.26869247    -25.75633212      5.75463348     -1.70253035      5.75463348    -16.75031051 
   -22.04465122     -3.01871251     -0.56751795     -3.01871251    -18.95348961     -3.53390611     -0.56751795     -3.53390611    -14.96878910 
   -25.67773418      3.58581521     -6.20304814      3.58581521    -16.07434403      1.12108246     -6.20304814      1.12108246    -24.58138148 
   -18.37776441      6.92287806      1.53932711      6.92287806    -19.40534714      3.15234542      1.53932711      3.15234542    -29.29224869 
   -24.02667774      5.57611619     -0.54596962      5.57611619    -18.17757674     -6.64396853     -0.54596962     -6.64396853    -23.87011292 
   -26.14652767     -2.60951282     -0.51794876     -2.60951282    -27.76758867     -3.83123927     -0.51794876     -3.83123927    -26.10698960 
   -21.85921296     -8.02644360      0.14529103     -8.02644360     -6.39634909      2.87569933      0.14529103      2.87569933     -5.54232132 
    -0.81150357      5.43778265      2.54436490      5.43778265     -3.27436375     -1.64604108      2.54436490     -1.64604108    -18.16315085 
    -2.46817570      3.21766481     -1.53795873      3.21766481     -2.76407329    -11.60024862     -1.53795873    -11.60024862    -10.12784804 
    -4.05220232     -2.81368486     -1.04893038     -2.81368486     -9.00450030      2.64535989     -1.04893038      2.64535989    -11.49039443 
   -12.09104882      0.06024262     -0.92312961      0.06024262     -3.10958245     -4.49161910     -0.92312961     -4.49161910     -2.72863646 
     0.63963491      3.42674215      8.34537513      3.42674215     -0.83276567     -1.32888139      8.34537513     -1.32888139    -13.51560967 
    -9.14447581     -2.57271437      2.38135545     -2.57271437    -10.92517687     -3.38598978      2.38135545     -3.38598978    -11.13956974 
    -7.66498786     -0.21262102      1.73108949     -0.21262102    -20.14584189      6.48848487      1.73108949      6.48848487     -2.62586963 
    -9.93294544      3.69960579     -6.76489220      3.69960579     -8.45877301      4.77511380     -6.76489220      4.77511380    -12.30544168 
   -10.10835778      2.89164591      7.03421216      2.89164591    -17.63691382      3.43205767      7.03421216      3.43205767    -14.66907871 
   -11.74376781      5.54940869     -3.37890242      5.54940869    -13.40929915     -3.16628139     -3.37890242     -3.16628139    -19.89069666 
   -12.87951844      0.66266885     -2.32820020      0.66266885      0.91249856      8.33297224     -2.32820020      8.33297224     -9.38190262 
    -4.55894909      2.50538438      2.02521524      2.50538438    -16.16805692      1.29521640      2.02521524      1.29521640      6.70287774 
    -2.92708274      3.04756799      0.99931881      3.04756799     -8.37372460      0.36322758      0.99931881      0.36322758     -2.40793308 
    -8.55268063     -4.88673983      0.57407676     -4.88673983    -11.61973888     -0.64849412      0.57407676     -0.64849412    -20.75712733 
   -13.69102201      5.27654504    -11.83413175      5.27654504    -13.95148276     -6.45481988    -11.83413175     -6.45481988      5.82935970 
   -14.84626290      0.82213462     -0.89478014      0.82213462    -17.24179309      3.26550454     -0.89478014      3.26550454    -13.24983339 
   -20.64727313      0.29766943     -3.07060193      0.29766943     -6.14474755      8.18590937     -3.07060193      8.18590937     -2.13152575 
   -22.21712501      1.75766712      0.14706287      1.75766712    -10.08709568      2.23252074      0.14706287      2.23252074    -24.80224228 
     0.63609123      4.16560020     -4.12839152      4.16560020    -20.67739444      0.70519306     -4.12839152      0.70519306    -20.25215240 
    -2.99972826      8.05656491     -2.38489914      8.05656491     -7.40098343      2.08900155     -2.38489914      2.08900155     -7.46476973 
   -22.31280447      2.65244726      5.79037918      2.65244726     -7.87938073      1.20485246      5.79037918      1.20485246     -6.15183492 
    -0.55104282     -1.19244957      4.03271206     -1.19244957    -16.51888161      7.38858053      4.03271206      7.38858053    -11.83235990 
   -16.98841970     -3.23183954      5.33855951     -3.23183954    -14.86043763     -0.01949026      5.33855951     -0.01949026    -19.26700833 
    -8.68379693      1.98800656      1.80196317      1.98800656      0.47130993     -9.75044573      1.80196317     -9.75044573      7.66498786 
    -2.99086905      8.43928275     -1.33065323      8.43928275    -17.53060331      9.48821313     -1.33065323      9.48821313    -13.48017283 
    -4.59438593     -2.73749567      1.06133327     -2.73749567      3.24069875     -1.69742450      1.06133327     -1.69742450    -12.97165422 
    -3.45154793      9.98078517     -4.39771148      9.98078517    -20.24683687      3.46572267     -4.39771148      3.46572267     -9.75930493 
    -8.22311805     -2.62409779     -8.16287542     -2.62409779     -3.85021235     -1.40861427     -8.16287542     -1.40861427      5.90023338 
   -11.75085518      0.57584860     10.42728931      0.57584860     -8.27450146     -4.02562469     10.42728931     -4.02562469      2.76230145 
    -6.80032904      8.26741409     -4.76802643      8.26741409    -17.46150148      5.20035584     -4.76802643      5.20035584     -8.16110358 
   -14.53619057     -0.56876124     -4.04511495     -0.56876124     -1.45291032     -9.07537398     -4.04511495     -9.07537398    -16.92640524 
    -6.23511149      4.03979943     11.36459365      4.03979943      3.19994639     -6.32015990     11.36459365     -6.32015990     -6.98991612 
    -8.70860271      1.04184301     -1.43342006      1.04184301    -24.20690342      2.96429142     -1.43342006      2.96429142    -27.88347526 
   -19.40166831     -3.33106269      5.26414215     -3.33106269     -0.21084918      1.71691476      5.26414215      1.71691476     -4.28076992 
   -19.74363378     -0.00000000      1.91713289     -0.00000000    -26.49435125     -7.37972132      1.91713289     -7.37972132     -5.27122952 
    -7.53387157      6.20676202      0.44827599      6.20676202    -15.56208701      5.77974813      0.44827599      5.77974813     -6.13411650 
     0.16300945      1.72754581     -7.53209972      1.72754581    -15.01104419     -7.04838690     -7.53209972     -7.04838690     -7.72523049 
   -16.38599347      2.04647734     -4.86547773      2.04647734     -7.76952653     -4.17623125     -4.86547773     -4.17623125    -13.04607157 
   -18.90732443      1.47062874     -0.06555815      1.47062874    -24.82350438      1.55036162     -0.06555815      1.55036162     -6.65503801 
    -9.25964553     -4.76271090     -3.47989740     -4.76271090     -6.83576587      0.18427155     -3.47989740      0.18427155    -10.02508121 
   -17.27191440      1.07196432      2.12089470      1.07196432    -12.06801487     -1.04007117      2.12089470     -1.04007117    -13.52092519 
   -12.57830533      1.39443954     -2.53904938      1.39443954    -39.31185523     -4.20635256     -2.53904938     -4.20635256    -33.03067585 
    -7.60297340     -3.10072325     -9.63527600     -3.10072325    -12.21507774     -0.53686808     -9.63527600     -0.53686808     -5.34387503 
    -9.25255816     -0.01594658      6.40520830     -0.01594658     -9.25610185     -3.04756799      6.40520830     -3.04756799    -11.70833097 
   -24.54178153     -2.86506828      3.76870762     -2.86506828    -11.51342837      7.57993945      3.76870762      7.57993945    -12.31961641 
